mark: -1.795266, -1.420207, 0, 1
bird: -3.439272, -1.312403, 0.9970115, 0.07725278
