base_station:0.8621798,1.704775,0,1
hall_1:4.985623,-0.8517618,0,1
hall_2:12.16042,-0.1095405,0,1
elevator:13.23251,13.41536,0,1
