base_station:0,0,0,1
hall_1:-7.436081,2.521107,0,1
chairman:-11.15772,-7.724992,0,1
president:-15.81378,-6.109307,0,1
