image: coxsys_indoor_rplidar.pgm
resolution: 0.025000
origin: [-10.425000, -4.612894, 0.000000]
negate: 0
occupied_thresh: 0.65
free_thresh: 0.196

