image: /home/coxsys/floor1.pgm
resolution: 0.050000
origin: [-11.958412, -6.499683, 0.000000]
negate: 0
occupied_thresh: 0.65
free_thresh: 0.196

