image: /home/coxsys/genserv_slam_offline_28_2_1248.pgm
resolution: 0.050000
origin: [-31.000189, -30.662323, 0.000000]
negate: 0
occupied_thresh: 0.65
free_thresh: 0.196

