image: indoor_map.pgm
resolution: 0.012000
origin: [-10.260000, -3.082000, 0.000000]
negate: 0
occupied_thresh: 0.65
free_thresh: 0.196

