image: /home/coxsys/outdoor.pgm
resolution: 0.050000
origin: [-49.783585, -37.126910, 0.000000]
negate: 0
occupied_thresh: 0.65
free_thresh: 0.196

