image: phyathai2_hospital.pgm
resolution: 0.050000
origin: [-13.386606, -12.865460, 0.000000]
negate: 0
occupied_thresh: 0.65
free_thresh: 0.196

