image: warehouse-25mm.pgm
resolution: 0.025000
origin: [-0.734738, -14.317245, 0.000000]
negate: 0
occupied_thresh: 0.65
free_thresh: 0.196

